../../../.git/annex/objects/wz/M1/MD5E-s53259--a6c08f4bd1c316643f79472c75b9dd5b.csv/MD5E-s53259--a6c08f4bd1c316643f79472c75b9dd5b.csv